0,7,0,0,9,0,0,0,6,6,17,
7,0,14,17,6,0,0,15,0,0,19,
0,14,0,7,8,13,5,0,19,0,0,
0,17,7,0,0,0,0,0,0,2,0,
9,6,8,0,0,0,0,6,0,0,4,
0,0,13,0,0,0,19,0,3,4,8,
0,0,5,0,0,19,0,0,0,13,19,
0,15,0,0,6,0,0,0,13,12,19,
6,0,19,0,0,3,0,13,0,13,9,
6,0,0,2,0,4,13,12,13,0,5,
17,19,0,0,4,8,19,19,9,5,0,
